intercept: [0.74563056]
cvec: [[ 0.12073938  0.0637727  -0.21671088]]
